#Z	A	N	Yield	Uncertainty
1	1	0	6.09E-05	2.04E-05
1	2	1	1.50E-05	5.20E-06
1	3	2	2.43E-04	1.94E-05
2	4	2	0.00324	2.63E-04
2	6	4	5.30E-05	1.10E-05
2	8	6	1.53E-06	3.41E-07
24	59	35	1.50E-12	3.15E-13
24	60	36	3.59E-12	9.11E-13
25	60	35	3.34E-13	8.93E-14
25	60	35	2.97E-12	7.93E-13
24	61	37	4.51E-12	1.56E-12
25	61	36	1.41E-11	2.75E-12
26	61	35	2.53E-12	9.33E-13
24	62	38	4.87E-12	1.81E-12
25	62	37	5.09E-12	1.15E-12
25	62	37	2.83E-11	6.42E-12
26	62	36	2.07E-11	6.20E-12
24	63	39	2.57E-12	9.92E-13
25	63	38	6.51E-11	1.84E-11
26	63	37	8.54E-11	2.05E-11
27	63	36	9.98E-12	3.75E-12
24	64	40	1.05E-12	4.15E-13
25	64	39	6.48E-11	2.35E-11
26	64	38	2.91E-10	5.60E-11
27	64	37	7.55E-11	2.68E-11
28	64	36	1.45E-12	5.75E-13
25	65	40	5.52E-11	2.09E-11
26	65	39	5.54E-10	1.39E-10
27	65	38	4.90E-10	1.33E-10
28	65	37	2.28E-11	8.78E-12
25	66	41	2.32E-11	9.01E-12
26	66	40	8.77E-10	2.73E-10
27	66	39	1.64E-09	3.59E-10
28	66	38	2.80E-10	1.03E-10
29	66	37	2.03E-12	7.93E-13
25	67	42	7.37E-12	2.92E-12
26	67	41	6.93E-10	2.58E-10
27	67	40	4.50E-09	8.97E-10
28	67	39	1.68E-09	5.64E-10
29	67	38	4.85E-11	1.91E-11
25	68	43	1.19E-12	4.65E-13
26	68	42	4.62E-10	1.77E-10
27	68	41	3.20E-09	8.95E-10
27	68	41	3.63E-09	1.01E-09
28	68	40	8.61E-09	2.09E-09
29	68	39	1.77E-10	6.78E-11
29	68	39	4.15E-10	1.59E-10
30	68	38	2.55E-12	9.95E-13
26	69	43	1.54E-10	6.02E-11
27	69	42	8.76E-09	2.93E-09
28	69	41	1.18E-08	2.43E-09
28	69	41	1.18E-08	2.43E-09
29	69	40	5.81E-09	2.06E-09
30	69	39	1.20E-11	4.71E-12
30	69	39	5.21E-11	2.04E-11
26	70	44	3.83E-11	1.51E-11
27	70	43	2.75E-09	1.04E-09
27	70	43	2.75E-09	1.04E-09
28	70	42	5.20E-08	1.12E-08
29	70	41	2.11E-09	6.56E-10
29	70	41	2.11E-09	6.56E-10
29	70	41	2.35E-08	7.31E-09
30	70	40	1.20E-09	4.67E-10
31	70	39	1.89E-12	7.43E-13
26	71	45	4.76E-12	1.87E-12
27	71	44	2.86E-09	1.11E-09
28	71	43	6.28E-08	1.93E-08
29	71	42	1.13E-07	2.46E-08
30	71	41	2.14E-09	8.10E-10
30	71	41	9.24E-09	3.50E-09
31	71	40	7.51E-11	2.95E-11
27	72	45	7.53E-10	2.94E-10
28	72	44	6.47E-08	2.28E-08
29	72	43	2.50E-07	5.15E-08
30	72	42	8.90E-08	3.00E-08
31	72	41	1.50E-10	5.87E-11
31	72	41	1.34E-09	5.22E-10
32	72	40	1.36E-12	5.31E-13
27	73	46	1.47E-10	5.75E-11
28	73	45	3.24E-08	1.24E-08
29	73	44	4.49E-07	1.07E-07
30	73	43	3.37E-08	9.54E-09
30	73	43	4.61E-08	1.30E-08
30	73	43	2.61E-07	7.39E-08
31	73	42	2.19E-08	8.43E-09
32	73	41	1.00E-11	3.92E-12
32	73	41	4.34E-11	1.70E-11
27	74	47	1.41E-11	5.56E-12
28	74	46	1.31E-08	5.15E-09
29	74	45	4.30E-07	1.43E-07
30	74	44	1.10E-06	2.21E-07
31	74	43	8.11E-08	3.03E-08
31	74	43	8.11E-08	3.03E-08
32	74	42	1.64E-09	6.46E-10
27	75	48	1.07E-12	4.19E-13
28	75	47	2.71E-09	1.06E-09
29	75	46	3.54E-07	1.29E-07
30	75	45	1.98E-06	4.28E-07
31	75	44	1.01E-06	3.17E-07
32	75	43	3.36E-09	1.31E-09
32	75	43	2.20E-08	8.54E-09
33	75	42	8.43E-12	3.29E-12
33	75	42	2.76E-11	1.08E-11
28	76	48	4.18E-10	1.62E-10
29	76	47	7.09E-08	2.72E-08
29	76	47	7.09E-08	2.72E-08
30	76	46	2.90E-06	7.71E-07
31	76	45	3.13E-06	7.95E-07
32	76	44	2.97E-07	1.12E-07
33	76	43	1.12E-09	4.34E-10
28	77	49	3.08E-11	1.22E-11
29	77	48	4.45E-08	1.76E-08
30	77	47	2.92E-07	1.03E-07
30	77	47	1.91E-06	6.72E-07
31	77	46	8.10E-06	1.55E-06
32	77	45	2.29E-07	8.27E-08
32	77	45	1.50E-06	5.41E-07
33	77	44	2.64E-08	1.04E-08
34	77	43	1.80E-12	7.11E-13
34	77	43	1.18E-11	4.65E-12
28	78	50	1.65E-12	6.24E-13
29	78	49	6.73E-09	2.54E-09
30	78	48	1.39E-06	5.01E-07
31	78	47	1.16E-05	2.55E-06
32	78	46	8.66E-06	2.32E-06
33	78	45	3.34E-07	1.25E-07
34	78	44	7.58E-10	2.86E-10
29	79	50	8.21E-10	3.14E-10
30	79	49	4.69E-07	1.79E-07
31	79	48	1.54E-05	4.56E-06
32	79	47	3.38E-06	7.47E-07
32	79	47	2.21E-05	4.89E-06
33	79	46	3.81E-06	1.38E-06
34	79	45	3.16E-09	1.21E-09
34	79	45	2.07E-08	7.92E-09
35	79	44	1.79E-12	6.85E-13
35	79	44	5.85E-12	2.24E-12
29	80	51	3.79E-11	1.45E-11
30	80	50	1.04E-07	3.97E-08
31	80	49	9.37E-06	3.36E-06
32	80	48	5.85E-05	1.12E-05
33	80	47	2.09E-05	6.86E-06
34	80	46	5.81E-07	2.22E-07
35	80	45	1.41E-10	5.38E-11
35	80	45	4.24E-10	1.62E-10
30	81	51	1.06E-08	3.91E-09
31	81	50	4.40E-06	1.60E-06
32	81	49	1.30E-05	3.46E-06
32	81	49	5.64E-05	1.49E-05
33	81	48	9.17E-05	2.05E-05
34	81	47	8.77E-07	3.18E-07
34	81	47	5.74E-06	2.08E-06
35	81	46	3.06E-08	1.12E-08
36	81	45	3.80E-12	1.40E-12
30	82	52	7.65E-10	2.77E-10
31	82	51	9.44E-07	3.41E-07
32	82	50	6.42E-05	1.99E-05
33	82	49	5.06E-05	9.03E-06
33	82	49	1.53E-04	2.72E-05
34	82	48	5.25E-05	1.80E-05
35	82	47	2.17E-07	7.84E-08
35	82	47	5.08E-07	1.84E-07
36	82	46	5.06E-10	1.83E-10
30	83	53	2.26E-11	8.03E-12
31	83	52	1.36E-07	4.82E-08
32	83	51	2.60E-05	8.86E-06
33	83	50	3.57E-04	5.87E-05
34	83	49	3.29E-05	1.02E-05
34	83	49	1.42E-04	4.39E-05
35	83	48	1.15E-05	4.07E-06
36	83	47	4.55E-09	1.62E-09
36	83	47	1.97E-08	7.00E-09
37	83	46	7.23E-13	2.57E-13
37	83	46	1.75E-12	6.20E-13
31	84	53	1.01E-08	3.20E-09
32	84	52	8.98E-06	2.82E-06
33	84	51	1.66E-04	3.41E-05
33	84	51	1.66E-04	3.41E-05
34	84	50	5.75E-04	1.20E-04
35	84	49	4.73E-05	1.48E-05
35	84	49	4.73E-05	1.48E-05
36	84	48	9.34E-07	2.97E-07
37	84	47	1.04E-10	3.32E-11
37	84	47	1.88E-10	5.97E-11
31	85	54	3.12E-10	1.07E-10
32	85	53	8.36E-07	2.85E-07
33	85	52	1.32E-04	3.59E-05
34	85	51	6.31E-04	1.03E-04
35	85	50	3.43E-04	9.27E-05
36	85	49	1.82E-06	6.20E-07
36	85	49	7.86E-06	2.68E-06
37	85	48	1.46E-08	5.01E-09
31	86	55	5.47E-12	1.94E-12
32	86	54	7.21E-08	2.55E-08
33	86	53	3.00E-05	1.01E-05
34	86	52	6.95E-04	1.54E-04
35	86	51	8.22E-04	1.74E-04
36	86	50	9.25E-05	3.20E-05
37	86	49	1.48E-07	5.25E-08
37	86	49	2.67E-07	9.45E-08
38	86	48	9.25E-11	3.28E-11
32	87	55	2.82E-09	1.02E-09
33	87	54	5.43E-06	1.94E-06
34	87	53	3.53E-04	1.10E-04
35	87	52	0.0016164	2.65E-04
36	87	51	4.15E-04	1.38E-04
37	87	50	8.53E-06	3.07E-06
38	87	49	1.09E-09	3.93E-10
38	87	49	4.72E-09	1.70E-09
32	88	56	7.72E-11	2.75E-11
33	88	55	4.47E-07	1.59E-07
34	88	54	1.30E-04	4.43E-05
35	88	53	0.0015519	2.94E-04
36	88	52	0.001331	3.01E-04
37	88	51	7.44E-05	2.64E-05
38	88	50	2.40E-07	8.55E-08
39	88	49	9.99E-12	3.56E-12
39	88	49	1.36E-11	4.83E-12
33	89	56	2.10E-08	7.53E-09
34	89	55	1.83E-05	6.53E-06
35	89	54	9.53E-04	2.42E-04
36	89	53	0.0020034	3.04E-04
37	89	52	4.18E-04	1.43E-04
38	89	51	4.12E-06	1.47E-06
39	89	50	3.80E-10	1.36E-10
39	89	50	1.64E-09	5.89E-10
33	90	57	6.76E-10	2.38E-10
34	90	56	2.72E-06	9.58E-07
35	90	55	3.64E-04	1.18E-04
36	90	54	0.0032182	5.22E-04
37	90	53	1.35E-04	4.19E-05
37	90	53	0.0011999	3.72E-04
38	90	52	5.73E-05	2.02E-05
39	90	51	3.38E-08	1.19E-08
39	90	51	4.80E-08	1.69E-08
40	90	50	1.07E-12	3.76E-13
40	90	50	4.49E-12	1.58E-12
33	91	58	1.28E-11	4.52E-12
34	91	57	1.56E-07	5.49E-08
35	91	56	9.28E-05	3.19E-05
36	91	55	0.0022306	4.78E-04
37	91	54	0.0030977	5.22E-04
38	91	53	3.32E-04	1.17E-04
39	91	52	4.18E-07	1.48E-07
39	91	52	1.81E-06	6.39E-07
40	91	51	4.59E-10	1.62E-10
34	92	58	5.72E-09	2.05E-09
35	92	57	1.02E-05	3.65E-06
36	92	56	0.0010569	3.01E-04
37	92	55	0.004075	5.75E-04
38	92	54	0.0013736	4.50E-04
39	92	53	2.82E-05	1.01E-05
40	92	52	2.85E-08	1.02E-08
34	93	59	1.07E-10	3.86E-11
35	93	58	9.56E-07	3.45E-07
36	93	57	2.75E-04	9.36E-05
37	93	56	0.0052689	8.61E-04
38	93	55	0.0034458	8.66E-04
39	93	54	4.15E-05	1.53E-05
39	93	54	2.72E-04	9.98E-05
40	93	53	1.00E-06	3.62E-07
41	93	52	2.86E-11	1.03E-11
41	93	52	1.24E-10	4.47E-11
34	94	60	1.57E-12	5.65E-13
35	94	59	4.14E-08	1.49E-08
36	94	58	5.20E-05	1.85E-05
37	94	57	0.002553	6.56E-04
38	94	56	0.0069259	9.38E-04
39	94	55	0.0011946	4.46E-04
40	94	54	1.80E-05	6.49E-06
41	94	53	3.29E-09	1.19E-09
41	94	53	4.67E-09	1.68E-09
35	95	60	1.26E-09	4.57E-10
36	95	59	4.62E-06	1.68E-06
37	95	58	9.42E-04	2.95E-04
38	95	57	0.0078883	0.0011447
39	95	56	0.0033193	0.0011
40	95	55	1.57E-04	5.76E-05
41	95	54	6.16E-08	2.24E-08
41	95	54	2.66E-07	9.68E-08
42	95	53	2.03E-11	7.40E-12
35	96	61	2.26E-11	7.99E-12
36	96	60	3.80E-07	1.34E-07
37	96	59	9.86E-05	3.39E-05
37	96	59	9.86E-05	3.39E-05
38	96	58	0.0072789	0.0014169
39	96	57	0.0024284	6.19E-04
39	96	57	0.0043681	0.0011128
40	96	56	0.0010418	3.91E-04
41	96	55	6.43E-06	2.28E-06
42	96	54	1.83E-09	6.47E-10
36	97	61	1.27E-08	4.68E-09
37	97	60	2.83E-05	1.04E-05
38	97	59	0.0024776	6.90E-04
39	97	58	0.001952	2.32E-04
39	97	58	0.0021313	2.54E-04
39	97	58	0.0072645	8.64E-04
40	97	57	0.0025565	0.0010296
41	97	56	1.40E-05	5.21E-06
41	97	56	6.07E-05	2.26E-05
42	97	55	5.96E-08	2.20E-08
43	97	54	1.80E-12	6.63E-13
36	98	62	4.22E-10	1.60E-10
37	98	61	1.31E-06	4.97E-07
37	98	61	1.31E-06	4.97E-07
38	98	60	8.85E-04	2.99E-04
39	98	59	0.0024656	4.45E-04
39	98	59	0.010369	0.0018715
40	98	58	0.0064434	0.0024421
41	98	57	1.34E-04	5.27E-05
41	98	57	4.05E-04	1.59E-04
42	98	56	1.94E-06	7.34E-07
43	98	55	2.04E-10	7.74E-11
36	99	63	6.76E-12	2.34E-12
37	99	62	1.90E-07	6.56E-08
38	99	61	1.62E-04	5.45E-05
39	99	60	0.010255	0.0019153
40	99	59	0.013201	0.0022756
41	99	58	5.07E-04	2.01E-04
41	99	58	0.0021943	8.70E-04
42	99	57	3.06E-05	1.06E-05
43	99	56	2.72E-09	9.40E-10
43	99	56	1.17E-08	4.06E-09
37	100	63	5.19E-09	2.25E-09
38	100	62	1.92E-05	8.26E-06
39	100	61	0.0013963	4.66E-04
39	100	61	0.0013963	4.66E-04
40	100	60	0.022347	0.0037558
41	100	59	8.91E-04	5.45E-04
41	100	59	0.0037454	0.0022907
42	100	58	2.88E-04	1.28E-04
43	100	57	3.86E-07	1.67E-07
44	100	56	2.40E-11	1.04E-11
37	101	64	1.59E-10	5.36E-11
38	101	63	1.65E-06	5.55E-07
39	101	62	8.92E-04	2.75E-04
40	101	61	0.022518	0.0034095
41	101	60	0.014251	0.0035582
42	101	59	0.0018531	6.80E-04
43	101	58	1.16E-05	3.91E-06
44	101	57	2.04E-09	6.86E-10
37	102	65	1.65E-12	6.85E-13
38	102	64	7.75E-08	3.22E-08
39	102	63	5.43E-05	2.21E-05
39	102	63	5.43E-05	2.21E-05
40	102	62	0.011769	0.0028298
41	102	61	0.01286	0.0025523
41	102	61	0.01286	0.0025523
42	102	60	0.0046562	0.0029934
43	102	59	5.99E-05	2.51E-05
43	102	59	5.99E-05	2.51E-05
44	102	58	9.46E-08	3.93E-08
45	102	57	1.39E-12	5.78E-13
38	103	65	1.90E-09	7.32E-10
39	103	64	1.19E-05	4.57E-06
40	103	63	0.0027493	8.67E-04
41	103	62	0.0444	0.0049768
42	103	61	0.0075505	0.0047942
43	103	60	0.0010507	4.39E-04
44	103	59	7.35E-07	2.84E-07
44	103	59	1.78E-06	6.85E-07
45	103	58	3.52E-11	1.36E-11
45	103	58	2.31E-10	8.90E-11
38	104	66	3.32E-11	1.13E-11
39	104	65	5.98E-07	2.03E-07
40	104	64	5.33E-04	1.73E-04
41	104	63	0.011546	0.0020025
41	104	63	0.011546	0.0020025
42	104	62	0.027141	0.0045999
43	104	61	0.00398	0.0016407
44	104	60	4.81E-05	1.64E-05
45	104	59	3.64E-09	1.24E-09
45	104	59	1.10E-08	3.73E-09
39	105	66	2.02E-08	7.58E-09
40	105	65	5.00E-05	1.86E-05
41	105	64	0.0086256	0.0021716
42	105	63	0.046083	0.005321
43	105	62	0.0061819	0.0046673
44	105	61	4.13E-04	1.60E-04
45	105	60	7.89E-08	2.96E-08
45	105	60	5.16E-07	1.94E-07
46	105	59	2.47E-11	9.25E-12
39	106	67	2.07E-10	7.49E-11
40	106	66	2.73E-06	9.86E-07
41	106	65	0.0011775	3.91E-04
42	106	64	0.043787	0.0054742
43	106	63	0.015194	0.0056808
44	106	62	0.0027351	0.0012268
45	106	61	4.69E-06	1.70E-06
45	106	61	1.10E-05	3.97E-06
46	106	60	3.50E-09	1.26E-09
39	107	68	1.25E-12	4.86E-13
40	107	67	5.64E-08	2.20E-08
41	107	66	1.20E-04	4.62E-05
42	107	65	0.011969	0.0028727
43	107	64	0.049229	0.005246
44	107	63	0.0047608	0.0038442
45	107	62	2.53E-04	1.02E-04
46	107	61	6.77E-08	2.64E-08
46	107	61	1.27E-07	4.96E-08
47	107	60	9.07E-13	3.54E-13
47	107	60	5.93E-12	2.31E-12
40	108	68	6.09E-10	2.25E-10
41	108	67	4.81E-06	1.78E-06
42	108	66	0.0020928	6.75E-04
43	108	65	0.047438	0.0061972
44	108	64	0.011432	0.0068305
45	108	63	4.84E-04	2.14E-04
45	108	63	0.0014598	6.45E-04
46	108	62	1.02E-05	3.76E-06
47	108	61	4.07E-10	1.50E-10
47	108	61	9.54E-10	3.52E-10
40	109	69	3.49E-12	1.30E-12
41	109	68	1.45E-07	5.40E-08
42	109	67	1.80E-04	6.58E-05
43	109	66	0.018838	0.0035656
44	109	65	0.036928	0.0050806
45	109	64	0.0036569	0.0031726
46	109	63	4.48E-05	1.69E-05
46	109	63	8.43E-05	3.19E-05
47	109	62	1.20E-08	4.48E-09
47	109	62	7.85E-08	2.93E-08
48	109	61	1.94E-12	7.24E-13
41	110	69	9.85E-10	4.56E-10
42	110	68	7.33E-06	3.39E-06
43	110	67	0.002014	7.69E-04
44	110	66	0.047808	0.0061711
45	110	65	1.22E-05	1.44E-04
45	110	65	4.58E-04	0.0054041
46	110	64	0.0011127	5.97E-04
47	110	63	1.01E-06	4.67E-07
47	110	63	2.36E-06	1.09E-06
48	110	62	4.01E-10	1.86E-10
41	111	70	9.59E-12	3.24E-12
42	111	69	2.42E-07	8.18E-08
43	111	68	2.95E-04	9.70E-05
44	111	67	0.018159	0.0032553
45	111	66	0.028174	0.0042091
46	111	65	0.0016364	7.13E-04
46	111	65	0.0030754	0.0013399
47	111	64	1.14E-05	3.86E-06
47	111	64	7.43E-05	2.52E-05
48	111	63	9.03E-09	3.05E-09
48	111	63	2.95E-08	9.99E-09
42	112	70	5.73E-09	2.09E-09
43	112	69	2.05E-05	7.47E-06
44	112	68	0.004742	0.0012814
45	112	67	0.019033	0.002267
45	112	67	0.019033	0.002267
46	112	66	0.0072681	0.0042319
47	112	65	6.21E-04	2.33E-04
48	112	64	1.21E-06	4.43E-07
49	112	63	1.58E-11	5.76E-12
49	112	63	6.64E-11	2.42E-11
42	113	71	8.82E-11	3.03E-11
43	113	70	1.39E-06	4.77E-07
44	113	69	3.47E-04	1.12E-04
44	113	69	3.47E-04	1.12E-04
45	113	68	0.026878	0.0039384
46	113	67	0.0045382	0.0012032
46	113	67	0.010956	0.0029047
47	113	66	3.92E-04	1.43E-04
47	113	66	0.002566	9.34E-04
48	113	65	4.34E-06	1.49E-06
48	113	65	1.42E-05	4.88E-06
49	113	64	8.23E-10	2.83E-10
49	113	64	3.56E-09	1.22E-09
42	114	72	1.27E-12	4.70E-13
43	114	71	5.07E-08	1.87E-08
44	114	70	9.47E-05	3.46E-05
45	114	69	0.0035724	9.80E-04
45	114	69	0.0035724	9.80E-04
46	114	68	0.02412	0.0041275
47	114	67	0.0011285	4.13E-04
47	114	67	0.0047461	0.0017355
48	114	66	1.27E-04	4.64E-05
49	114	65	2.32E-08	8.56E-09
49	114	65	3.44E-08	1.27E-08
49	114	65	3.55E-08	1.31E-08
50	114	64	2.56E-12	9.44E-13
43	115	72	2.10E-09	7.28E-10
44	115	71	8.73E-06	3.03E-06
45	115	70	0.0019868	6.09E-04
46	115	69	0.0057617	8.98E-04
46	115	69	0.010828	0.0016874
47	115	68	0.0013004	3.29E-04
47	115	68	0.0085064	0.0021501
48	115	67	1.20E-04	3.98E-05
48	115	67	3.92E-04	1.30E-04
49	115	66	1.92E-07	6.68E-08
49	115	66	8.32E-07	2.89E-07
50	115	65	8.10E-11	2.82E-11
43	116	73	8.03E-11	2.56E-11
44	116	72	1.06E-06	3.38E-07
45	116	71	1.30E-04	4.04E-05
45	116	71	3.04E-04	9.45E-05
46	116	70	0.010619	0.0022615
47	116	69	0.0033268	6.93E-04
47	116	69	0.0077922	0.0016243
48	116	68	0.0013971	4.01E-04
49	116	67	1.64E-06	5.22E-07
49	116	67	2.44E-06	7.75E-07
49	116	67	2.52E-06	8.01E-07
50	116	66	1.31E-09	4.18E-10
43	117	74	1.97E-12	6.47E-13
44	117	73	5.39E-08	1.77E-08
45	117	72	6.96E-05	2.28E-05
46	117	71	0.0010806	3.04E-04
46	117	71	0.0020308	5.71E-04
47	117	70	0.0011915	1.78E-04
47	117	70	0.007794	0.0011634
48	117	69	5.48E-04	1.43E-04
48	117	69	0.0017917	4.67E-04
49	117	68	4.93E-06	1.60E-06
49	117	68	2.13E-05	6.90E-06
50	117	67	3.11E-09	1.02E-09
50	117	67	1.02E-08	3.35E-09
44	118	74	2.73E-09	8.65E-10
45	118	73	7.15E-06	2.26E-06
46	118	72	9.62E-04	2.88E-04
47	118	71	9.48E-04	1.85E-04
47	118	71	0.0039862	7.79E-04
48	118	70	0.0030344	6.79E-04
49	118	69	2.09E-05	6.36E-06
49	118	69	3.11E-05	9.44E-06
49	118	69	3.21E-05	9.75E-06
50	118	68	1.07E-07	3.38E-08
51	118	67	2.06E-12	6.53E-13
51	118	67	2.92E-12	9.26E-13
44	119	75	6.21E-11	2.06E-11
45	119	74	5.33E-07	1.76E-07
46	119	73	1.41E-04	4.61E-05
47	119	72	2.78E-04	6.65E-05
47	119	72	0.0018154	4.35E-04
48	119	71	6.62E-04	1.41E-04
48	119	71	0.0015978	3.40E-04
49	119	70	2.97E-05	8.97E-06
49	119	70	1.28E-04	3.88E-05
50	119	69	1.15E-07	3.80E-08
50	119	69	3.76E-07	1.24E-07
51	119	68	1.62E-11	5.38E-12
51	119	68	5.11E-11	1.69E-11
44	120	76	2.08E-12	7.17E-13
45	120	75	3.31E-08	1.14E-08
46	120	74	2.51E-05	8.60E-06
47	120	73	2.67E-04	7.91E-05
47	120	73	3.79E-04	1.12E-04
48	120	72	0.001368	2.61E-04
49	120	71	7.11E-05	2.11E-05
49	120	71	7.11E-05	2.11E-05
49	120	71	7.11E-05	2.11E-05
50	120	70	1.45E-06	4.99E-07
51	120	69	1.70E-10	5.87E-11
51	120	69	2.42E-10	8.32E-11
46	121	75	8.97E-08	3.41E-08
47	121	74	1.19E-04	4.34E-05
48	121	73	2.42E-04	4.71E-05
48	121	73	5.83E-04	1.14E-04
49	121	72	2.26E-05	7.73E-06
49	121	72	9.79E-05	3.34E-05
50	121	71	2.83E-08	1.08E-08
50	121	71	6.84E-08	2.60E-08
46	122	76	4.47E-08	1.77E-08
47	122	75	2.23E-05	8.41E-06
47	122	75	2.48E-05	9.33E-06
48	122	74	3.68E-04	6.03E-05
49	122	73	1.51E-05	5.48E-06
49	122	73	1.51E-05	5.48E-06
49	122	73	2.13E-05	7.72E-06
50	122	72	4.20E-08	1.66E-08
46	123	77	1.89E-08	7.63E-09
47	123	76	2.51E-05	9.54E-06
48	123	75	5.13E-05	8.59E-06
48	123	75	1.24E-04	2.07E-05
49	123	74	4.47E-06	1.68E-06
49	123	74	1.93E-05	7.26E-06
50	123	73	5.73E-09	2.31E-09
50	123	73	1.38E-08	5.57E-09
46	124	78	1.40E-08	5.70E-09
47	124	77	6.93E-06	2.67E-06
47	124	77	7.70E-06	2.97E-06
48	124	76	1.14E-04	1.90E-05
49	124	75	7.27E-06	2.77E-06
49	124	75	8.07E-06	3.07E-06
50	124	74	1.26E-08	5.12E-09
47	125	78	1.37E-06	5.57E-07
48	125	77	1.27E-05	4.34E-06
48	125	77	3.06E-05	1.05E-05
49	125	76	1.81E-05	3.92E-06
49	125	76	7.82E-05	1.69E-05
50	125	75	4.36E-06	1.67E-06
50	125	75	1.05E-05	4.02E-06
51	125	74	1.30E-07	5.32E-08
52	125	73	9.24E-12	3.79E-12
52	125	73	3.02E-11	1.24E-11
47	126	79	3.29E-07	1.36E-07
48	126	78	3.11E-05	1.22E-05
49	126	77	7.54E-05	1.62E-05
49	126	77	8.37E-05	1.79E-05
50	126	76	6.14E-05	2.10E-05
51	126	75	3.41E-07	1.41E-07
51	126	75	4.46E-07	1.84E-07
51	126	75	4.61E-07	1.90E-07
52	126	74	1.37E-09	5.67E-10
48	127	79	3.99E-08	1.58E-08
49	127	78	8.77E-06	3.33E-06
49	127	78	3.79E-05	1.44E-05
50	127	77	1.08E-04	1.05E-05
50	127	77	2.61E-04	2.54E-05
51	127	76	5.20E-05	1.90E-05
52	127	75	1.14E-08	4.49E-09
52	127	75	2.74E-08	1.08E-08
48	128	80	2.02E-07	8.40E-08
49	128	79	3.10E-05	1.38E-05
49	128	79	7.62E-05	3.38E-05
49	128	79	9.66E-05	4.29E-05
50	128	78	6.04E-04	4.42E-05
50	128	78	0.0014143	1.04E-04
51	128	77	8.73E-05	3.28E-05
51	128	77	1.49E-04	5.60E-05
52	128	76	2.15E-07	8.92E-08
47	129	82	4.33E-09	2.07E-09
48	129	81	2.21E-06	1.07E-06
48	129	81	5.34E-06	2.59E-06
49	129	80	4.93E-05	3.10E-05
49	129	80	2.13E-04	1.34E-04
50	129	79	0.0010563	1.52E-04
50	129	79	0.00255	3.68E-04
51	129	78	4.43E-04	1.45E-04
51	129	78	7.25E-04	2.38E-04
52	129	77	4.75E-06	2.26E-06
52	129	77	1.15E-05	5.46E-06
53	129	76	1.53E-08	7.31E-09
47	130	83	1.16E-10	8.04E-11
48	130	82	8.19E-07	5.70E-07
49	130	81	3.00E-05	3.34E-05
49	130	81	3.35E-05	3.73E-05
49	130	81	5.69E-05	6.34E-05
50	130	80	7.41E-04	3.12E-04
50	130	80	0.0017362	7.31E-04
51	130	79	0.0018384	5.72E-04
51	130	79	0.0018384	5.72E-04
52	130	78	1.66E-04	1.11E-04
53	130	77	1.26E-07	8.73E-08
53	130	77	2.95E-07	2.05E-07
54	130	76	5.37E-11	3.72E-11
48	131	83	7.43E-08	3.11E-08
49	131	82	2.37E-05	1.05E-05
49	131	82	2.37E-05	1.05E-05
49	131	82	2.37E-05	1.05E-05
50	131	81	7.42E-04	2.95E-04
50	131	81	0.0017909	7.13E-04
51	131	80	0.012936	0.0012807
52	131	79	5.11E-04	1.94E-04
52	131	79	0.0012331	4.69E-04
53	131	78	2.13E-05	8.91E-06
54	131	77	2.54E-09	1.06E-09
54	131	77	6.14E-09	2.57E-09
48	132	84	1.94E-09	7.51E-10
49	132	83	8.16E-06	3.17E-06
50	132	82	0.0012451	5.02E-04
51	132	81	0.0058575	8.92E-04
51	132	81	0.0079475	0.0012108
52	132	80	0.0076941	0.0020345
53	132	79	1.22E-04	4.77E-05
53	132	79	1.66E-04	6.47E-05
54	132	78	2.89E-07	1.12E-07
54	132	78	3.28E-07	1.27E-07
55	132	77	3.93E-11	1.52E-11
49	133	84	7.08E-08	2.73E-08
49	133	84	3.06E-07	1.18E-07
50	133	83	2.73E-04	1.07E-04
51	133	82	0.011886	0.0025466
52	133	81	0.0051975	8.59E-04
52	133	81	0.012547	0.0020727
53	133	80	9.78E-04	4.17E-04
53	133	80	0.0015999	6.82E-04
54	133	79	6.43E-06	2.48E-06
54	133	79	1.55E-05	5.99E-06
55	133	78	8.14E-09	3.14E-09
49	134	85	5.46E-09	2.21E-09
50	134	84	1.98E-05	8.01E-06
51	134	83	9.15E-04	3.12E-04
51	134	83	0.002143	7.31E-04
52	134	82	0.033365	0.003672
53	134	81	0.0026857	0.0014397
53	134	81	0.0036441	0.0019533
54	134	80	1.32E-04	5.58E-05
54	134	80	3.08E-04	1.31E-04
55	134	79	2.82E-07	1.14E-07
55	134	79	3.83E-07	1.55E-07
56	134	78	4.58E-11	1.85E-11
49	135	86	4.13E-11	1.46E-11
50	135	85	7.01E-07	2.47E-07
51	135	84	4.90E-04	1.67E-04
52	135	83	0.017626	0.003195
53	135	82	0.019976	0.0035038
54	135	81	7.24E-04	3.02E-04
54	135	81	0.001747	7.29E-04
55	135	80	9.27E-06	3.27E-06
55	135	80	1.52E-05	5.35E-06
56	135	79	1.83E-09	6.43E-10
56	135	79	4.41E-09	1.55E-09
50	136	86	1.03E-08	6.63E-09
51	136	85	2.56E-05	1.63E-05
52	136	84	0.0046936	0.0018089
53	136	83	0.0076984	0.0014074
53	136	83	0.018032	0.0032966
54	136	82	0.013222	0.0037422
55	136	81	6.29E-05	4.23E-05
55	136	81	1.07E-04	7.23E-05
56	136	80	7.03E-08	4.51E-08
56	136	80	1.65E-07	1.06E-07
57	136	79	4.59E-12	2.94E-12
57	136	79	4.59E-12	2.94E-12
50	137	87	2.56E-10	9.41E-11
51	137	86	2.81E-06	1.03E-06
52	137	85	0.0010815	3.63E-04
53	137	84	0.037443	0.0044308
54	137	83	0.0083608	0.0044868
55	137	82	0.0019393	8.43E-04
56	137	81	2.74E-06	1.01E-06
56	137	81	6.61E-06	2.44E-06
57	137	80	1.85E-09	6.80E-10
51	138	87	8.74E-08	3.14E-08
52	138	86	1.52E-04	5.36E-05
53	138	85	0.012787	0.0026742
54	138	84	0.034246	0.0042048
55	138	83	0.0021048	0.00114
55	138	83	0.0029867	0.0016177
56	138	82	1.57E-04	5.70E-05
57	138	81	9.64E-08	3.47E-08
58	138	80	8.18E-13	2.94E-13
58	138	80	1.92E-12	6.89E-13
51	139	88	2.09E-09	7.38E-10
52	139	87	1.09E-05	3.85E-06
53	139	86	0.0034667	9.67E-04
54	139	85	0.04648	0.0052244
55	139	84	0.0075828	0.0051616
56	139	83	0.0011697	4.46E-04
57	139	82	3.70E-06	1.31E-06
58	139	81	9.58E-11	3.38E-11
58	139	81	2.31E-10	8.17E-11
52	140	88	5.60E-07	1.93E-07
53	140	87	4.33E-04	1.43E-04
54	140	86	0.028327	0.0043519
55	140	85	0.024224	0.0049696
56	140	84	0.0045344	0.0021156
57	140	83	5.41E-05	1.88E-05
58	140	82	2.29E-08	7.90E-09
52	141	89	1.33E-08	5.26E-09
53	141	88	4.53E-05	1.78E-05
54	141	87	0.0065457	0.0018164
55	141	86	0.049456	0.0051308
56	141	85	0.0056637	0.0045329
57	141	84	4.96E-04	2.04E-04
58	141	83	6.21E-07	2.45E-07
59	141	82	3.54E-11	1.40E-11
52	142	90	2.64E-10	9.14E-11
53	142	89	2.63E-06	9.09E-07
54	142	88	0.0013858	4.34E-04
55	142	87	0.036144	0.0050585
56	142	86	0.017517	0.0052811
57	142	85	0.0024578	9.72E-04
58	142	84	1.56E-05	5.39E-06
59	142	83	7.87E-10	2.72E-10
59	142	83	1.84E-09	6.37E-10
53	143	90	1.02E-07	3.71E-08
54	143	89	1.47E-04	5.30E-05
55	143	88	0.016839	0.0034242
56	143	87	0.040987	0.0052574
57	143	86	0.0056831	0.0037241
58	143	85	1.85E-04	6.88E-05
59	143	84	1.53E-07	5.59E-08
60	143	83	3.64E-12	1.33E-12
53	144	91	1.39E-09	5.46E-10
54	144	90	9.80E-06	3.84E-06
55	144	89	0.001243	4.10E-04
55	144	89	0.001243	4.10E-04
56	144	88	0.048852	0.0052596
57	144	87	0.0075061	0.0051389
58	144	86	0.0012519	5.55E-04
59	144	85	3.55E-07	1.39E-07
59	144	85	3.16E-06	1.24E-06
60	144	84	4.19E-10	1.64E-10
54	145	91	3.65E-07	1.31E-07
55	145	90	3.85E-04	1.34E-04
56	145	89	0.020104	0.0037911
57	145	88	0.030428	0.0046326
58	145	87	0.0039625	0.0019496
59	145	86	6.52E-05	2.36E-05
60	145	85	2.39E-08	8.58E-09
54	146	92	1.01E-08	3.90E-09
55	146	91	2.99E-05	1.15E-05
56	146	90	0.005914	0.0016305
57	146	89	0.0155	0.0016241
57	146	89	0.027882	0.0029213
58	146	88	0.0043035	0.0041495
59	146	87	4.58E-04	1.87E-04
60	146	86	8.10E-07	3.14E-07
61	146	85	4.04E-11	1.56E-11
54	147	93	9.28E-11	3.39E-11
55	147	92	1.38E-06	5.04E-07
56	147	91	6.55E-04	2.25E-04
57	147	90	0.026548	0.0037035
58	147	89	0.013428	0.0038413
59	147	88	0.0020586	9.48E-04
60	147	87	1.36E-05	4.99E-06
61	147	86	3.45E-09	1.26E-09
55	148	93	3.37E-08	1.43E-08
56	148	92	7.44E-05	3.12E-05
57	148	91	0.0077057	0.0020375
58	148	90	0.035864	0.0037667
59	148	89	4.73E-04	5.12E-04
59	148	89	0.0019899	0.0021552
60	148	88	1.80E-04	7.90E-05
61	148	87	4.34E-08	1.84E-08
61	148	87	1.02E-07	4.31E-08
62	148	86	5.31E-12	2.25E-12
55	149	94	4.25E-10	1.53E-10
56	149	93	2.81E-06	1.01E-06
57	149	92	9.97E-04	3.23E-04
58	149	91	0.016783	0.0023789
59	149	90	0.0072984	0.00239
60	149	89	6.87E-04	2.66E-04
61	149	88	2.74E-06	9.85E-07
62	149	87	3.07E-10	1.11E-10
55	150	95	2.45E-12	1.27E-12
56	150	94	7.95E-08	4.10E-08
57	150	93	7.75E-05	3.92E-05
58	150	92	0.0059722	0.0017285
59	150	91	0.0091657	0.0025069
60	150	90	0.0014323	0.0010754
61	150	89	2.40E-05	1.24E-05
62	150	88	1.31E-08	6.75E-09
56	151	95	1.65E-09	6.53E-10
57	151	94	7.56E-06	2.99E-06
58	151	93	0.0012471	4.19E-04
59	151	92	0.014109	0.0016969
60	151	91	0.0033652	0.0015506
61	151	90	2.43E-04	9.94E-05
62	151	89	4.08E-07	1.62E-07
63	151	88	3.17E-11	1.26E-11
56	152	96	3.90E-11	1.39E-11
57	152	95	5.25E-07	1.87E-07
58	152	94	3.55E-04	1.20E-04
59	152	93	0.011837	0.0018709
60	152	92	0.0098829	0.001988
61	152	91	2.66E-04	1.05E-04
61	152	91	5.32E-04	2.10E-04
61	152	91	5.88E-04	2.32E-04
62	152	90	1.17E-05	4.18E-06
63	152	89	2.71E-10	9.63E-11
63	152	89	1.14E-09	4.04E-10
63	152	89	1.27E-09	4.51E-10
57	153	96	1.02E-08	3.72E-09
58	153	95	1.89E-05	6.87E-06
59	153	94	0.0021647	5.98E-04
60	153	93	0.0084254	0.001091
61	153	92	0.0024284	8.60E-04
62	153	91	1.73E-05	6.38E-06
62	153	91	4.18E-05	1.54E-05
63	153	90	6.25E-08	2.29E-08
64	153	89	1.93E-12	7.07E-13
57	154	97	9.85E-11	5.04E-11
58	154	96	8.46E-07	4.33E-07
59	154	95	2.37E-04	1.13E-04
60	154	94	0.0046222	0.0011699
61	154	93	0.0012545	5.04E-04
61	154	93	0.0012545	5.04E-04
62	154	92	2.34E-04	1.25E-04
63	154	91	3.50E-07	1.79E-07
63	154	91	3.89E-07	1.99E-07
64	154	90	1.08E-10	5.51E-11
57	155	98	1.19E-12	4.46E-13
58	155	97	3.01E-08	1.13E-08
59	155	96	3.61E-05	1.35E-05
60	155	95	0.0016596	4.67E-04
61	155	94	0.0045866	6.14E-04
62	155	93	7.69E-04	2.87E-04
63	155	92	1.09E-05	4.09E-06
64	155	91	1.35E-09	5.09E-10
64	155	91	3.27E-09	1.23E-09
58	156	98	8.12E-10	2.99E-10
59	156	97	2.75E-06	1.01E-06
60	156	96	5.00E-04	1.65E-04
61	156	95	0.0037942	5.59E-04
62	156	94	0.0018298	5.22E-04
63	156	93	7.06E-05	2.61E-05
64	156	92	1.35E-07	4.99E-08
65	156	91	2.84E-12	1.05E-12
65	156	91	4.11E-12	1.51E-12
58	157	99	1.07E-11	3.97E-12
59	157	98	1.62E-07	6.02E-08
60	157	97	7.53E-05	2.74E-05
61	157	96	0.0022971	4.85E-04
62	157	95	0.0024868	5.02E-04
63	157	94	3.27E-04	1.21E-04
64	157	93	1.75E-06	6.50E-07
65	157	92	4.48E-10	1.67E-10
59	158	99	3.78E-09	1.82E-09
60	158	98	7.57E-06	3.63E-06
61	158	97	5.48E-04	2.23E-04
62	158	96	0.0024676	5.23E-04
63	158	95	6.06E-04	2.72E-04
64	158	94	1.39E-05	6.69E-06
65	158	93	1.00E-09	4.82E-10
65	158	93	8.90E-09	4.28E-09
59	159	100	1.07E-10	3.86E-11
60	159	99	5.85E-07	2.11E-07
61	159	98	1.64E-04	5.59E-05
62	159	97	0.0018597	3.25E-04
63	159	96	0.0014745	3.21E-04
64	159	95	8.06E-05	2.89E-05
65	159	94	2.46E-07	8.90E-08
66	159	93	2.29E-11	8.26E-12
60	160	100	2.38E-08	1.05E-08
61	160	99	1.72E-05	7.59E-06
62	160	98	7.51E-04	2.48E-04
63	160	97	0.0013403	3.14E-04
64	160	96	2.48E-04	1.03E-04
65	160	95	2.00E-06	8.90E-07
66	160	94	8.18E-10	3.63E-10
60	161	101	5.71E-10	2.15E-10
61	161	100	1.78E-06	6.70E-07
62	161	99	1.85E-04	6.37E-05
63	161	98	0.0012915	1.72E-04
64	161	97	4.89E-04	1.41E-04
65	161	96	1.52E-05	5.84E-06
66	161	95	1.72E-08	6.48E-09
61	162	101	7.32E-08	3.25E-08
62	162	100	3.10E-05	1.35E-05
63	162	99	5.19E-04	1.55E-04
64	162	98	6.75E-04	1.60E-04
65	162	97	4.43E-05	2.10E-05
66	162	96	2.27E-07	1.01E-07
67	162	95	9.89E-12	4.39E-12
67	162	95	2.32E-11	1.03E-11
61	163	102	2.47E-09	1.16E-09
62	163	101	2.78E-06	1.30E-06
63	163	100	1.83E-04	6.91E-05
64	163	99	5.68E-04	1.16E-04
65	163	98	9.93E-05	5.18E-05
66	163	97	1.54E-06	7.21E-07
67	163	96	1.30E-10	6.09E-11
67	163	96	8.50E-10	3.99E-10
62	164	102	2.00E-07	9.27E-08
63	164	101	3.19E-05	1.39E-05
64	164	100	3.86E-04	8.00E-05
65	164	99	1.36E-04	5.98E-05
66	164	98	8.24E-06	3.82E-06
67	164	97	4.27E-09	1.98E-09
67	164	97	1.00E-08	4.63E-09
68	164	96	1.18E-12	5.46E-13
62	165	103	7.67E-09	3.30E-09
63	165	102	5.02E-06	2.13E-06
64	165	101	1.34E-04	4.02E-05
65	165	100	1.97E-04	5.03E-05
66	165	99	3.19E-06	1.34E-06
66	165	99	2.09E-05	8.77E-06
67	165	98	1.75E-07	7.52E-08
68	165	97	3.99E-11	1.72E-11
63	166	103	3.80E-07	1.60E-07
64	166	102	3.71E-05	1.36E-05
65	166	101	1.41E-04	3.22E-05
66	166	100	5.44E-05	1.99E-05
67	166	99	2.99E-07	1.26E-07
67	166	99	7.01E-07	2.96E-07
68	166	98	9.91E-10	4.19E-10
63	167	104	2.16E-08	8.96E-09
64	167	103	5.19E-06	2.09E-06
65	167	102	7.65E-05	1.98E-05
66	167	101	6.16E-05	1.83E-05
67	167	100	4.28E-06	1.75E-06
68	167	99	1.50E-09	6.23E-10
68	167	99	9.83E-09	4.08E-09
69	167	98	1.47E-12	6.11E-13
64	168	104	6.06E-07	2.48E-07
65	168	103	2.15E-05	7.52E-06
66	168	102	5.87E-05	1.21E-05
67	168	101	3.82E-06	1.48E-06
67	168	101	5.43E-06	2.10E-06
68	168	100	1.01E-07	4.15E-08
69	168	99	3.61E-11	1.48E-11
64	169	105	3.63E-08	1.45E-08
65	169	104	5.13E-06	1.93E-06
66	169	103	3.08E-05	6.91E-06
67	169	102	1.67E-05	5.30E-06
68	169	101	4.54E-07	1.80E-07
69	169	100	6.99E-10	2.79E-10
65	170	105	5.94E-07	2.32E-07
66	170	104	1.31E-05	3.60E-06
67	170	103	4.51E-06	1.14E-06
67	170	103	1.06E-05	2.67E-06
68	170	102	1.54E-06	5.88E-07
69	170	101	6.24E-09	2.46E-09
70	170	100	1.27E-12	5.02E-13
65	171	106	5.34E-08	2.13E-08
66	171	105	2.85E-06	1.02E-06
67	171	104	1.12E-05	2.17E-06
68	171	103	2.55E-06	9.29E-07
69	171	102	4.23E-08	1.69E-08
70	171	101	3.12E-12	1.25E-12
70	171	101	2.04E-11	8.18E-12
66	172	106	5.32E-07	2.01E-07
67	172	105	4.66E-06	1.13E-06
68	172	104	3.62E-06	1.02E-06
69	172	103	1.46E-07	5.67E-08
70	172	102	3.49E-10	1.37E-10
66	173	107	4.88E-08	1.90E-08
67	173	106	1.60E-06	4.82E-07
68	173	105	2.63E-06	5.94E-07
69	173	104	3.92E-07	1.45E-07
70	173	103	2.44E-09	9.54E-10
67	174	107	2.76E-07	1.02E-07
68	174	106	1.56E-06	3.06E-07
69	174	105	5.12E-07	1.76E-07
70	174	104	1.28E-08	5.06E-09
71	174	103	3.32E-12	1.32E-12
71	174	103	7.78E-12	3.09E-12
67	175	108	4.03E-08	1.54E-08
68	175	107	5.18E-07	1.39E-07
69	175	106	5.75E-07	1.45E-07
70	175	105	4.56E-09	1.75E-09
70	175	105	2.98E-08	1.14E-08
71	175	104	1.27E-10	4.94E-11
68	176	108	1.44E-07	4.70E-08
69	176	107	3.39E-07	7.12E-08
70	176	106	2.62E-08	9.44E-09
70	176	106	4.72E-08	1.70E-08
71	176	105	2.49E-10	9.74E-11
71	176	105	4.48E-10	1.75E-10
68	177	109	1.97E-08	7.43E-09
69	177	108	1.63E-07	3.39E-08
70	177	107	1.43E-08	4.59E-09
70	177	107	6.19E-08	1.99E-08
71	177	106	2.57E-11	1.01E-11
71	177	106	7.95E-10	3.11E-10
71	177	106	2.03E-09	7.97E-10
72	177	105	4.12E-14	1.62E-14
72	177	105	1.06E-12	4.20E-13
72	177	105	2.74E-12	1.08E-12
69	178	109	4.29E-08	1.28E-08
70	178	108	6.78E-08	1.53E-08
71	178	107	2.80E-09	1.06E-09
71	178	107	3.17E-09	1.21E-09
72	178	106	1.80E-12	7.04E-13
72	178	106	1.21E-11	4.73E-12
72	178	106	1.99E-11	7.80E-12
69	179	110	9.61E-09	3.34E-09
70	179	109	3.25E-08	6.67E-09
71	179	108	1.35E-09	4.64E-10
71	179	108	8.82E-09	3.04E-09
72	179	107	2.75E-11	1.07E-11
72	179	107	3.08E-11	1.21E-11
72	179	107	8.81E-11	3.44E-11
70	180	110	1.27E-08	2.90E-09
71	180	109	2.44E-09	7.14E-10
71	180	109	2.44E-09	7.14E-10
71	180	109	3.59E-09	1.05E-09
72	180	108	1.69E-10	6.52E-11
72	180	108	3.03E-10	1.17E-10
70	181	111	2.65E-09	8.60E-10
71	181	110	5.97E-09	1.23E-09
72	181	109	7.68E-10	2.89E-10
73	181	108	6.65E-12	2.62E-12
71	182	111	2.33E-09	4.84E-10
72	182	110	3.73E-10	1.20E-10
72	182	110	6.70E-10	2.15E-10
73	182	109	6.29E-12	2.44E-12
73	182	109	8.09E-12	3.14E-12
73	182	109	8.26E-12	3.20E-12
71	183	112	7.36E-10	1.89E-10
72	183	111	7.01E-10	1.85E-10
73	183	110	5.79E-11	2.20E-11
71	184	113	1.22E-10	4.24E-11
72	184	112	1.41E-10	2.74E-11
72	184	112	2.53E-10	4.93E-11
73	184	111	7.35E-11	2.70E-11
72	185	113	1.24E-10	2.82E-11
73	185	112	2.59E-11	7.67E-12
73	185	112	5.35E-11	1.58E-11
74	185	111	7.56E-13	2.92E-13
74	185	111	1.83E-12	7.06E-13
72	186	114	3.19E-11	9.12E-12
73	186	113	4.33E-11	1.03E-11
74	186	112	1.28E-12	4.80E-13
74	186	112	3.97E-12	1.49E-12
72	187	115	1.77E-11	3.45E-12
73	187	114	3.92E-12	1.37E-12
73	188	115	4.92E-12	1.25E-12
74	188	114	4.50E-12	1.21E-12
73	189	116	1.03E-12	3.23E-13
74	189	115	2.00E-12	4.34E-13